user
6040
6040
item
3592
3592
53   1
129   1
51   1
21   1
198   1
71   1
31   1
139   1
106   1
401   66
137   1
23   1
108   1
25   1
201   1
35   1
211   1
305   1
255   1
24   1
22   1
297   1
304   1
136   1
85   1
400   68
70   1
107   1
108   1
43   1
119   1
48   1
391   63
164   1
198   1
351   29
53   1
100   1
62   1
96   1
25   1
231   1
24   1
193   1
297   1
40   1
22   1
598   271
108   1
43   1
40   1
79   1
684   351
40   1
25   1
67   1
64   1
437   114
213   1
70   1
36   1
498   169
98   1
27   1
121   1
26   1
64   1
72   1
65   1
54   1
29   1
43   1
255   1
43   1
175   1
87   1
39   1
140   1
31   1
48   1
86   1
118   1
99   1
31   1
39   1
48   1
58   1
68   1
21   1
225   1
44   1
430   105
220   1
21   1
99   1
81   1
154   1
20   1
107   1
76   1
106   1
132   1
115   1
46   1
61   1
47   1
121   1
37   1
81   1
80   1
92   1
60   1
68   1
98   1
38   1
86   1
505   175
224   1
105   1
63   1
72   1
57   1
608   282
23   1
71   1
51   1
174   1
22   1
158   1
135   1
295   1
89   1
170   1
183   1
70   1
378   59
201   1
65   1
245   1
55   1
23   1
47   1
68   1
32   1
39   1
426   105
187   1
624   299
592   263
232   1
471   143
24   1
26   1
44   1
96   1
148   1
427   107
22   1
36   1
20   1
297   1
107   1
514   186
26   1
110   1
410   88
58   1
26   1
552   232
87   1
24   1
23   1
561   228
97   1
317   1
78   1
44   1
115   1
110   1
59   1
301   1
83   1
101   1
84   1
51   1
122   1
417   87
71   1
31   1
153   1
30   1
525   205
242   1
59   1
820   486
32   1
22   1
379   61
402   83
26   1
87   1
670   348
127   1
446   127
153   1
30   1
23   1
184   1
25   1
110   1
35   1
110   1
22   1
166   1
34   1
794   465
20   1
86   1
36   1
102   1
29   1
80   1
256   1
204   1
508   181
21   1
28   1
31   1
212   1
179   1
97   1
90   1
53   1
29   1
440   116
62   1
166   1
258   1
71   1
143   1
57   1
273   1
33   1
85   1
764   445
29   1
31   1
34   1
110   1
20   1
73   1
60   1
53   1
23   1
244   1
95   1
53   1
145   1
139   1
154   1
354   34
106   1
92   1
480   162
98   1
50   1
131   1
261   1
30   1
126   1
312   1
482   164
187   1
148   1
89   1
23   1
22   1
198   1
47   1
50   1
111   1
29   1
27   1
471   148
139   1
43   1
103   1
56   1
74   1
33   1
102   1
41   1
316   1
49   1
191   1
97   1
89   1
27   1
104   1
249   1
357   39
787   466
209   1
27   1
157   1
193   1
182   1
557   239
123   1
223   1
20   1
57   1
26   1
293   1
22   1
77   1
21   1
21   1
721   400
21   1
222   1
40   1
118   1
76   1
43   1
379   61
236   1
62   1
764   443
76   1
584   261
67   1
227   1
61   1
148   1
107   1
198   1
362   44
124   1
108   1
20   1
123   1
297   1
90   1
25   1
283   1
99   1
100   1
268   1
64   1
103   1
870   549
24   1
58   1
419   100
21   1
58   1
72   1
49   1
67   1
26   1
55   1
43   1
28   1
47   1
259   1
28   1
320   2
87   1
60   1
78   1
168   1
27   1
52   1
51   1
117   1
136   1
39   1
64   1
138   1
35   1
56   1
21   1
22   1
137   1
260   1
68   1
59   1
73   1
214   1
81   1
487   169
74   1
38   1
23   1
173   1
34   1
225   1
32   1
40   1
78   1
284   1
280   1
50   1
49   1
147   1
32   1
156   1
297   1
96   1
635   314
476   158
99   1
57   1
271   1
62   1
22   1
51   1
108   1
64   1
20   1
47   1
64   1
1226   889
189   1
239   1
27   1
50   1
346   28
63   1
84   1
73   1
46   1
43   1
132   1
133   1
52   1
602   281
92   1
29   1
47   1
423   105
34   1
120   1
286   1
51   1
37   1
23   1
54   1
51   1
209   1
132   1
394   76
265   1
25   1
157   1
237   1
43   1
32   1
47   1
512   194
177   1
123   1
82   1
37   1
199   1
69   1
26   1
49   1
68   1
105   1
45   1
49   1
318   1
247   1
431   112
211   1
46   1
93   1
107   1
198   1
825   507
29   1
34   1
45   1
39   1
50   1
25   1
24   1
77   1
25   1
32   1
158   1
191   1
44   1
119   1
24   1
172   1
199   1
101   1
67   1
24   1
29   1
108   1
115   1
90   1
42   1
149   1
723   403
99   1
26   1
37   1
156   1
79   1
162   1
294   1
166   1
253   1
45   1
314   1
41   1
58   1
100   1
1016   695
40   1
58   1
25   1
580   260
122   1
105   1
867   549
43   1
591   271
103   1
21   1
210   1
98   1
48   1
132   1
39   1
190   1
34   1
671   353
81   1
29   1
220   1
78   1
118   1
1151   830
967   648
228   1
97   1
64   1
43   1
38   1
232   1
58   1
291   1
21   1
137   1
36   1
37   1
346   22
50   1
25   1
534   216
72   1
25   1
125   1
237   1
146   1
20   1
36   1
21   1
163   1
57   1
158   1
28   1
69   1
45   1
48   1
78   1
174   1
38   1
148   1
35   1
384   63
453   134
27   1
166   1
242   1
23   1
106   1
159   1
100   1
42   1
57   1
38   1
27   1
23   1
373   55
154   1
63   1
287   1
122   1
33   1
25   1
170   1
52   1
126   1
132   1
50   1
106   1
54   1
94   1
44   1
23   1
45   1
22   1
179   1
240   1
57   1
172   1
372   51
45   1
72   1
32   1
52   1
237   1
118   1
312   1
34   1
43   1
67   1
177   1
86   1
377   59
114   1
400   81
21   1
121   1
27   1
70   1
108   1
44   1
254   1
231   1
177   1
71   1
38   1
478   160
132   1
21   1
185   1
412   92
177   1
59   1
93   1
110   1
703   385
71   1
127   1
112   1
158   1
20   1
103   1
171   1
36   1
419   101
89   1
135   1
47   1
403   82
79   1
42   1
390   72
205   1
999   680
82   1
35   1
38   1
75   1
29   1
38   1
140   1
27   1
316   1
36   1
135   1
180   1
103   1
631   313
70   1
40   1
191   1
401   83
125   1
270   1
674   353
31   1
82   1
479   161
20   1
74   1
132   1
151   1
52   1
20   1
82   1
885   566
143   1
282   1
242   1
422   104
98   1
392   74
39   1
169   1
28   1
233   1
666   347
55   1
24   1
157   1
81   1
73   1
249   1
167   1
146   1
53   1
642   317
175   1
117   1
44   1
393   75
114   1
217   1
33   1
127   1
37   1
77   1
42   1
149   1
297   1
25   1
424   106
32   1
81   1
459   141
56   1
25   1
1024   705
218   1
157   1
126   1
35   1
465   147
29   1
97   1
64   1
20   1
46   1
26   1
139   1
402   84
47   1
170   1
48   1
67   1
759   441
26   1
98   1
49   1
224   1
23   1
103   1
502   182
163   1
48   1
512   193
234   1
23   1
119   1
30   1
106   1
63   1
117   1
196   1
115   1
23   1
328   10
87   1
150   1
43   1
149   1
460   142
83   1
327   9
40   1
266   1
285   1
506   188
52   1
44   1
73   1
66   1
33   1
275   1
94   1
126   1
65   1
92   1
67   1
36   1
29   1
195   1
398   79
171   1
62   1
104   1
21   1
292   1
121   1
308   1
42   1
35   1
22   1
115   1
138   1
174   1
57   1
172   1
21   1
50   1
28   1
70   1
69   1
176   1
774   456
251   1
26   1
37   1
126   1
84   1
52   1
253   1
62   1
56   1
117   1
553   232
76   1
34   1
110   1
506   188
630   311
53   1
70   1
190   1
153   1
42   1
80   1
116   1
62   1
138   1
42   1
36   1
44   1
75   1
841   522
36   1
43   1
107   1
172   1
28   1
84   1
111   1
633   315
49   1
40   1
115   1
913   591
79   1
36   1
99   1
64   1
35   1
96   1
72   1
1518   885
228   1
223   1
34   1
110   1
70   1
64   1
64   1
203   1
24   1
323   5
26   1
33   1
25   1
74   1
246   1
123   1
21   1
21   1
39   1
71   1
163   1
525   207
43   1
45   1
61   1
95   1
55   1
29   1
144   1
326   8
78   1
158   1
343   25
46   1
199   1
68   1
105   1
191   1
212   1
355   37
98   1
157   1
20   1
62   1
498   180
388   69
88   1
348   30
31   1
165   1
130   1
28   1
25   1
81   1
45   1
163   1
33   1
20   1
517   199
369   51
55   1
21   1
157   1
189   1
126   1
338   20
108   1
328   10
158   1
96   1
128   1
50   1
51   1
424   106
78   1
77   1
165   1
91   1
61   1
26   1
549   230
223   1
35   1
217   1
60   1
404   85
55   1
240   1
44   1
74   1
135   1
227   1
51   1
78   1
694   376
146   1
22   1
176   1
73   1
44   1
102   1
60   1
30   1
58   1
39   1
49   1
296   1
30   1
135   1
412   94
84   1
377   59
66   1
29   1
481   163
92   1
44   1
32   1
50   1
52   1
1004   685
37   1
55   1
46   1
39   1
1285   889
151   1
521   200
122   1
928   610
88   1
131   1
146   1
41   1
43   1
33   1
44   1
46   1
61   1
256   1
171   1
155   1
103   1
194   1
337   18
91   1
50   1
38   1
148   1
28   1
259   1
85   1
45   1
36   1
144   1
37   1
26   1
76   1
41   1
36   1
564   246
862   544
67   1
335   17
127   1
78   1
76   1
179   1
357   39
513   195
80   1
51   1
194   1
100   1
103   1
88   1
122   1
96   1
597   279
607   267
21   1
143   1
105   1
116   1
192   1
41   1
41   1
309   1
127   1
121   1
54   1
34   1
57   1
26   1
180   1
35   1
312   1
392   74
1176   855
72   1
73   1
33   1
51   1
70   1
164   1
36   1
268   1
168   1
32   1
188   1
508   190
518   200
27   1
60   1
54   1
161   1
64   1
78   1
44   1
205   1
49   1
33   1
679   361
319   1
134   1
109   1
142   1
754   436
30   1
395   77
735   417
289   1
114   1
30   1
389   71
580   262
21   1
131   1
498   180
103   1
279   1
103   1
163   1
168   1
150   1
172   1
56   1
564   246
89   1
182   1
374   52
465   147
263   1
53   1
22   1
57   1
378   59
333   11
59   1
89   1
1302   887
308   1
149   1
76   1
24   1
182   1
72   1
22   1
64   1
121   1
107   1
95   1
156   1
64   1
458   137
141   1
26   1
70   1
233   1
118   1
258   1
28   1
443   124
361   43
24   1
72   1
126   1
79   1
36   1
234   1
37   1
1521   890
364   46
186   1
278   1
90   1
206   1
31   1
31   1
25   1
27   1
105   1
29   1
276   1
649   331
96   1
112   1
24   1
102   1
179   1
39   1
66   1
520   202
741   423
136   1
85   1
141   1
618   300
48   1
221   1
39   1
397   79
69   1
24   1
46   1
115   1
213   1
51   1
235   1
224   1
195   1
221   1
68   1
146   1
578   260
28   1
21   1
154   1
251   1
30   1
253   1
110   1
135   1
61   1
24   1
50   1
24   1
30   1
45   1
88   1
30   1
194   1
616   295
368   50
543   225
36   1
572   253
36   1
94   1
25   1
21   1
45   1
118   1
74   1
110   1
235   1
32   1
49   1
42   1
60   1
509   191
195   1
158   1
279   1
711   393
343   25
726   407
170   1
202   1
32   1
29   1
170   1
284   1
334   16
591   269
30   1
77   1
37   1
67   1
361   43
50   1
144   1
21   1
46   1
507   189
1144   826
68   1
94   1
129   1
39   1
55   1
282   1
48   1
68   1
261   1
40   1
48   1
487   169
614   295
234   1
166   1
297   1
60   1
677   359
84   1
21   1
460   142
21   1
89   1
24   1
24   1
188   1
155   1
29   1
228   1
93   1
38   1
798   479
21   1
28   1
117   1
171   1
384   66
148   1
108   1
282   1
37   1
71   1
125   1
410   92
46   1
150   1
32   1
557   238
59   1
307   1
23   1
65   1
132   1
212   1
805   487
87   1
92   1
279   1
75   1
189   1
28   1
158   1
139   1
43   1
112   1
20   1
158   1
63   1
684   366
53   1
461   143
177   1
231   1
96   1
103   1
133   1
219   1
21   1
55   1
67   1
143   1
211   1
44   1
404   86
148   1
44   1
53   1
74   1
103   1
60   1
94   1
521   203
58   1
32   1
253   1
69   1
36   1
822   504
22   1
22   1
82   1
223   1
53   1
411   93
309   1
209   1
243   1
109   1
27   1
312   1
186   1
53   1
38   1
288   1
58   1
56   1
49   1
65   1
332   14
45   1
20   1
182   1
136   1
84   1
78   1
60   1
24   1
185   1
74   1
179   1
22   1
29   1
286   1
51   1
279   1
195   1
728   410
80   1
44   1
778   460
382   64
153   1
52   1
24   1
116   1
21   1
35   1
89   1
279   1
35   1
66   1
155   1
44   1
30   1
136   1
102   1
160   1
40   1
29   1
31   1
97   1
990   672
1038   719
1243   891
109   1
751   433
20   1
28   1
22   1
61   1
22   1
307   1
97   1
21   1
28   1
50   1
38   1
116   1
108   1
611   293
252   1
88   1
102   1
32   1
689   351
27   1
233   1
240   1
130   1
79   1
70   1
33   1
32   1
29   1
43   1
100   1
61   1
258   1
314   1
23   1
48   1
41   1
21   1
489   171
180   1
253   1
107   1
20   1
98   1
182   1
597   278
199   1
116   1
130   1
115   1
542   224
273   1
272   1
42   1
318   1
105   1
108   1
29   1
297   1
33   1
91   1
34   1
143   1
127   1
24   1
292   1
64   1
25   1
87   1
23   1
72   1
78   1
92   1
253   1
101   1
32   1
104   1
69   1
30   1
404   86
39   1
126   1
75   1
21   1
29   1
36   1
38   1
93   1
27   1
118   1
26   1
293   1
173   1
165   1
217   1
342   24
134   1
48   1
21   1
29   1
166   1
255   1
43   1
31   1
79   1
345   27
57   1
26   1
51   1
164   1
161   1
38   1
84   1
124   1
47   1
24   1
100   1
28   1
90   1
66   1
153   1
45   1
29   1
52   1
54   1
48   1
125   1
31   1
765   447
37   1
41   1
22   1
52   1
461   143
112   1
415   97
554   236
47   1
99   1
40   1
314   1
306   1
206   1
147   1
133   1
23   1
230   1
184   1
550   231
394   76
205   1
120   1
70   1
24   1
964   645
206   1
276   1
144   1
359   41
28   1
556   238
23   1
795   477
61   1
21   1
254   1
228   1
91   1
33   1
36   1
22   1
26   1
70   1
350   32
45   1
271   1
48   1
451   133
65   1
117   1
260   1
767   449
34   1
106   1
793   475
170   1
85   1
39   1
551   233
161   1
232   1
74   1
233   1
48   1
522   204
62   1
882   563
149   1
57   1
213   1
35   1
27   1
25   1
47   1
175   1
25   1
45   1
398   80
57   1
62   1
37   1
25   1
46   1
20   1
63   1
397   79
499   181
29   1
30   1
56   1
638   320
39   1
81   1
22   1
565   247
865   547
43   1
122   1
82   1
1850   891
121   1
27   1
175   1
62   1
430   111
28   1
393   75
132   1
128   1
149   1
50   1
207   1
310   1
398   80
196   1
314   1
354   36
957   639
348   30
45   1
552   234
80   1
26   1
36   1
85   1
210   1
88   1
22   1
210   1
79   1
29   1
511   193
20   1
274   1
46   1
195   1
424   106
32   1
26   1
46   1
115   1
206   1
146   1
159   1
36   1
382   64
514   196
47   1
58   1
24   1
68   1
34   1
839   520
74   1
77   1
195   1
775   457
67   1
78   1
66   1
659   340
47   1
95   1
140   1
70   1
326   8
108   1
589   270
562   242
73   1
21   1
434   116
284   1
29   1
368   49
49   1
385   67
430   111
254   1
66   1
113   1
74   1
26   1
613   295
106   1
26   1
306   1
142   1
73   1
89   1
24   1
34   1
61   1
40   1
155   1
422   104
55   1
545   226
149   1
616   298
106   1
38   1
21   1
52   1
54   1
53   1
28   1
32   1
58   1
339   21
145   1
39   1
287   1
453   135
25   1
176   1
175   1
67   1
91   1
252   1
21   1
211   1
284   1
116   1
174   1
214   1
202   1
31   1
56   1
40   1
30   1
697   379
22   1
49   1
39   1
62   1
123   1
43   1
116   1
317   1
27   1
67   1
28   1
159   1
151   1
57   1
49   1
143   1
30   1
30   1
111   1
44   1
100   1
65   1
770   452
416   98
782   464
27   1
87   1
24   1
227   1
465   147
119   1
20   1
220   1
61   1
41   1
22   1
24   1
77   1
504   186
54   1
157   1
246   1
83   1
134   1
41   1
97   1
46   1
293   1
460   142
35   1
104   1
23   1
334   15
139   1
54   1
54   1
48   1
158   1
117   1
33   1
198   1
64   1
338   20
33   1
147   1
83   1
263   1
955   637
57   1
223   1
435   117
707   388
57   1
26   1
125   1
34   1
624   306
202   1
279   1
22   1
28   1
172   1
86   1
207   1
656   338
26   1
756   438
40   1
150   1
258   1
197   1
352   34
47   1
26   1
24   1
208   1
57   1
53   1
31   1
947   629
44   1
23   1
37   1
391   73
97   1
23   1
55   1
601   283
85   1
429   111
58   1
86   1
305   1
585   267
22   1
212   1
27   1
324   6
86   1
78   1
30   1
59   1
58   1
28   1
295   1
175   1
221   1
64   1
1595   891
59   1
680   362
68   1
73   1
78   1
147   1
174   1
102   1
137   1
128   1
251   1
34   1
151   1
40   1
65   1
50   1
852   534
61   1
215   1
89   1
533   215
83   1
22   1
64   1
44   1
24   1
444   126
517   199
52   1
33   1
83   1
38   1
518   200
49   1
123   1
67   1
154   1
35   1
1260   891
67   1
155   1
546   228
283   1
160   1
22   1
47   1
629   311
27   1
35   1
24   1
92   1
20   1
29   1
86   1
177   1
40   1
356   38
87   1
98   1
49   1
167   1
61   1
109   1
90   1
41   1
40   1
177   1
54   1
733   415
247   1
611   293
80   1
54   1
903   585
333   14
119   1
447   129
34   1
471   153
149   1
194   1
286   1
256   1
119   1
218   1
105   1
27   1
227   1
582   264
225   1
63   1
56   1
37   1
171   1
65   1
20   1
440   122
121   1
46   1
556   238
265   1
91   1
25   1
25   1
83   1
289   1
35   1
35   1
260   1
229   1
30   1
25   1
335   17
138   1
256   1
65   1
94   1
253   1
261   1
20   1
88   1
1322   891
247   1
31   1
29   1
199   1
125   1
75   1
104   1
238   1
205   1
645   327
36   1
43   1
83   1
684   366
102   1
96   1
32   1
49   1
71   1
40   1
155   1
272   1
30   1
53   1
441   123
95   1
229   1
147   1
729   411
56   1
71   1
75   1
121   1
174   1
373   55
36   1
308   1
105   1
530   212
89   1
52   1
517   199
899   581
29   1
22   1
749   431
221   1
20   1
50   1
46   1
150   1
58   1
971   653
46   1
87   1
178   1
164   1
191   1
208   1
35   1
628   310
229   1
90   1
168   1
20   1
357   38
66   1
321   3
68   1
20   1
59   1
26   1
160   1
69   1
60   1
53   1
206   1
25   1
77   1
112   1
101   1
219   1
102   1
96   1
255   1
53   1
34   1
38   1
23   1
353   35
45   1
71   1
315   1
148   1
113   1
34   1
20   1
120   1
182   1
96   1
471   153
225   1
213   1
222   1
365   46
37   1
126   1
101   1
451   133
297   1
178   1
169   1
179   1
203   1
174   1
146   1
409   91
915   597
24   1
35   1
30   1
293   1
292   1
137   1
405   87
35   1
130   1
38   1
121   1
27   1
107   1
258   1
36   1
56   1
67   1
129   1
76   1
65   1
71   1
539   221
33   1
509   191
156   1
21   1
265   1
23   1
29   1
298   1
100   1
39   1
81   1
187   1
52   1
40   1
34   1
210   1
29   1
162   1
219   1
528   210
38   1
399   81
52   1
48   1
61   1
39   1
233   1
436   118
318   1
207   1
21   1
142   1
95   1
442   124
88   1
119   1
99   1
128   1
332   14
60   1
429   111
51   1
172   1
257   1
107   1
70   1
67   1
413   95
23   1
31   1
84   1
175   1
68   1
35   1
358   40
229   1
25   1
242   1
133   1
236   1
299   1
232   1
101   1
53   1
23   1
25   1
103   1
329   11
127   1
71   1
40   1
37   1
108   1
28   1
67   1
420   101
76   1
77   1
188   1
43   1
52   1
52   1
45   1
27   1
535   217
37   1
165   1
41   1
20   1
283   1
62   1
22   1
28   1
42   1
120   1
75   1
52   1
52   1
199   1
308   1
873   555
77   1
71   1
145   1
63   1
173   1
101   1
23   1
35   1
43   1
35   1
43   1
153   1
61   1
69   1
62   1
100   1
111   1
66   1
269   1
89   1
28   1
56   1
59   1
41   1
40   1
120   1
70   1
46   1
62   1
333   15
96   1
21   1
55   1
187   1
23   1
399   81
57   1
77   1
36   1
187   1
23   1
69   1
23   1
206   1
117   1
116   1
143   1
119   1
197   1
65   1
141   1
24   1
29   1
35   1
59   1
37   1
49   1
49   1
31   1
29   1
47   1
41   1
53   1
232   1
29   1
76   1
81   1
71   1
21   1
159   1
27   1
494   176
36   1
261   1
26   1
406   88
20   1
61   1
456   138
31   1
23   1
71   1
62   1
22   1
299   1
76   1
71   1
43   1
145   1
71   1
224   1
36   1
60   1
116   1
22   1
53   1
50   1
529   211
180   1
95   1
59   1
100   1
152   1
69   1
134   1
114   1
326   8
30   1
27   1
232   1
36   1
47   1
29   1
57   1
528   210
47   1
61   1
21   1
75   1
147   1
58   1
36   1
121   1
83   1
125   1
42   1
26   1
35   1
34   1
24   1
117   1
427   109
42   1
200   1
90   1
22   1
27   1
29   1
26   1
105   1
244   1
421   103
57   1
73   1
26   1
27   1
159   1
52   1
629   310
301   1
192   1
366   48
499   181
165   1
123   1
51   1
104   1
254   1
105   1
35   1
235   1
203   1
22   1
125   1
58   1
23   1
37   1
290   1
38   1
32   1
37   1
61   1
61   1
287   1
33   1
45   1
132   1
38   1
70   1
547   229
246   1
154   1
37   1
20   1
397   79
22   1
114   1
89   1
86   1
38   1
39   1
511   193
121   1
154   1
47   1
140   1
85   1
21   1
200   1
301   1
32   1
251   1
858   540
60   1
41   1
43   1
29   1
31   1
66   1
31   1
51   1
22   1
50   1
42   1
47   1
48   1
54   1
74   1
130   1
26   1
59   1
263   1
21   1
62   1
812   494
20   1
31   1
31   1
131   1
38   1
66   1
57   1
554   236
25   1
41   1
223   1
256   1
25   1
24   1
729   411
51   1
118   1
139   1
43   1
23   1
94   1
76   1
80   1
23   1
42   1
158   1
47   1
74   1
48   1
195   1
40   1
77   1
171   1
27   1
120   1
300   1
264   1
336   18
33   1
46   1
80   1
68   1
151   1
97   1
33   1
169   1
276   1
52   1
35   1
68   1
74   1
403   85
22   1
331   13
20   1
109   1
49   1
31   1
41   1
212   1
357   39
41   1
442   124
136   1
94   1
159   1
41   1
65   1
27   1
229   1
91   1
29   1
29   1
43   1
68   1
188   1
50   1
62   1
228   1
202   1
46   1
429   111
43   1
22   1
30   1
61   1
50   1
82   1
25   1
93   1
156   1
315   1
37   1
54   1
306   1
142   1
22   1
485   167
203   1
272   1
54   1
89   1
41   1
37   1
278   1
59   1
63   1
56   1
521   203
33   1
21   1
318   1
71   1
454   136
21   1
282   1
23   1
24   1
107   1
215   1
49   1
116   1
41   1
29   1
100   1
76   1
132   1
22   1
31   1
161   1
47   1
98   1
42   1
156   1
367   49
828   508
94   1
32   1
218   1
115   1
282   1
23   1
54   1
20   1
119   1
44   1
229   1
38   1
42   1
342   24
214   1
223   1
110   1
257   1
219   1
196   1
21   1
23   1
135   1
101   1
23   1
241   1
134   1
136   1
72   1
63   1
20   1
34   1
43   1
100   1
294   1
114   1
41   1
92   1
48   1
22   1
25   1
23   1
37   1
32   1
30   1
38   1
68   1
25   1
20   1
78   1
24   1
25   1
117   1
117   1
38   1
34   1
23   1
84   1
205   1
35   1
84   1
88   1
67   1
23   1
157   1
280   1
45   1
99   1
121   1
24   1
101   1
399   81
105   1
32   1
145   1
35   1
108   1
439   121
138   1
197   1
57   1
139   1
326   8
90   1
200   1
178   1
378   60
505   187
100   1
23   1
239   1
129   1
29   1
20   1
68   1
483   165
47   1
25   1
354   36
211   1
102   1
26   1
80   1
146   1
47   1
287   1
178   1
83   1
277   1
29   1
350   32
875   557
106   1
171   1
40   1
284   1
60   1
54   1
158   1
163   1
298   1
138   1
124   1
94   1
122   1
48   1
191   1
789   471
143   1
100   1
404   85
48   1
77   1
23   1
91   1
101   1
80   1
111   1
171   1
88   1
79   1
335   17
139   1
109   1
401   83
81   1
121   1
23   1
170   1
55   1
22   1
82   1
293   1
20   1
894   576
30   1
62   1
47   1
248   1
221   1
264   1
33   1
58   1
38   1
85   1
36   1
157   1
53   1
22   1
38   1
22   1
235   1
39   1
35   1
350   32
445   127
89   1
39   1
108   1
54   1
102   1
396   78
220   1
155   1
43   1
33   1
135   1
89   1
414   96
73   1
52   1
795   477
73   1
133   1
508   190
46   1
86   1
117   1
52   1
92   1
205   1
28   1
191   1
32   1
143   1
28   1
423   105
233   1
103   1
35   1
190   1
46   1
695   377
25   1
273   1
87   1
123   1
149   1
20   1
191   1
87   1
592   274
376   58
195   1
141   1
58   1
93   1
21   1
113   1
513   195
320   2
117   1
109   1
425   107
298   1
249   1
22   1
146   1
51   1
126   1
55   1
849   530
21   1
1258   890
143   1
63   1
44   1
330   12
72   1
72   1
233   1
70   1
387   69
156   1
24   1
127   1
71   1
21   1
46   1
25   1
342   24
62   1
420   101
362   44
20   1
224   1
28   1
124   1
622   304
144   1
55   1
104   1
201   1
148   1
31   1
359   41
129   1
124   1
174   1
68   1
461   143
136   1
53   1
48   1
67   1
65   1
168   1
90   1
36   1
191   1
27   1
64   1
43   1
73   1
31   1
44   1
625   306
39   1
48   1
27   1
208   1
527   209
170   1
174   1
48   1
36   1
169   1
62   1
124   1
100   1
143   1
21   1
173   1
44   1
136   1
30   1
22   1
55   1
24   1
184   1
720   402
54   1
63   1
105   1
261   1
58   1
43   1
83   1
377   59
341   23
477   159
167   1
54   1
135   1
106   1
309   1
147   1
79   1
120   1
111   1
52   1
239   1
34   1
26   1
105   1
92   1
322   4
467   149
170   1
42   1
41   1
362   44
610   292
27   1
170   1
20   1
150   1
62   1
218   1
148   1
357   39
23   1
113   1
761   443
26   1
500   182
1018   699
133   1
28   1
80   1
116   1
64   1
118   1
61   1
24   1
106   1
73   1
27   1
304   1
148   1
77   1
70   1
70   1
71   1
64   1
408   90
81   1
184   1
526   208
287   1
263   1
161   1
145   1
44   1
37   1
32   1
64   1
64   1
44   1
282   1
90   1
826   508
21   1
215   1
39   1
26   1
210   1
57   1
142   1
265   1
22   1
78   1
32   1
86   1
551   233
384   66
370   52
99   1
78   1
123   1
113   1
297   1
50   1
53   1
62   1
64   1
53   1
179   1
41   1
174   1
197   1
63   1
92   1
159   1
55   1
270   1
34   1
39   1
29   1
120   1
68   1
72   1
484   166
57   1
300   1
124   1
213   1
50   1
105   1
36   1
85   1
37   1
570   252
90   1
37   1
271   1
27   1
155   1
26   1
354   36
81   1
41   1
317   1
503   185
67   1
77   1
28   1
21   1
101   1
123   1
40   1
51   1
212   1
59   1
323   5
61   1
94   1
212   1
35   1
111   1
62   1
211   1
102   1
27   1
77   1
172   1
31   1
44   1
189   1
85   1
64   1
159   1
296   1
238   1
25   1
71   1
82   1
858   540
30   1
30   1
40   1
220   1
30   1
129   1
73   1
132   1
108   1
95   1
87   1
87   1
21   1
61   1
212   1
25   1
490   172
25   1
626   308
111   1
105   1
90   1
37   1
27   1
21   1
525   207
36   1
406   88
150   1
190   1
34   1
192   1
305   1
136   1
105   1
100   1
159   1
446   127
143   1
162   1
48   1
305   1
100   1
99   1
384   66
230   1
149   1
97   1
26   1
137   1
36   1
36   1
324   6
350   32
62   1
142   1
72   1
41   1
20   1
61   1
1115   797
21   1
124   1
342   24
156   1
196   1
149   1
153   1
64   1
161   1
20   1
37   1
23   1
78   1
32   1
74   1
154   1
55   1
210   1
229   1
24   1
79   1
232   1
29   1
84   1
65   1
124   1
56   1
35   1
167   1
23   1
45   1
58   1
81   1
40   1
395   77
228   1
539   221
91   1
113   1
28   1
508   190
151   1
98   1
67   1
83   1
122   1
336   18
836   518
20   1
198   1
21   1
29   1
150   1
46   1
105   1
649   331
190   1
24   1
246   1
41   1
627   309
28   1
24   1
26   1
75   1
176   1
20   1
939   620
45   1
97   1
74   1
72   1
126   1
32   1
302   1
362   44
310   1
86   1
25   1
170   1
104   1
51   1
26   1
708   390
271   1
66   1
920   602
665   347
473   155
334   16
182   1
42   1
110   1
70   1
123   1
559   241
84   1
48   1
126   1
21   1
26   1
38   1
358   40
273   1
138   1
24   1
140   1
102   1
192   1
100   1
27   1
667   349
81   1
39   1
83   1
119   1
151   1
58   1
49   1
56   1
141   1
229   1
45   1
48   1
143   1
46   1
29   1
96   1
235   1
33   1
33   1
239   1
69   1
232   1
86   1
58   1
161   1
77   1
242   1
112   1
345   27
27   1
355   35
97   1
32   1
198   1
483   165
31   1
32   1
104   1
27   1
20   1
168   1
235   1
39   1
453   135
29   1
56   1
51   1
126   1
36   1
148   1
137   1
21   1
572   254
203   1
1215   891
30   1
266   1
326   8
56   1
23   1
29   1
55   1
154   1
218   1
837   519
330   11
205   1
26   1
41   1
41   1
20   1
116   1
44   1
731   413
351   33
293   1
127   1
297   1
166   1
470   152
92   1
211   1
120   1
220   1
24   1
383   65
317   1
71   1
492   174
120   1
38   1
183   1
35   1
406   88
62   1
116   1
88   1
174   1
126   1
204   1
50   1
80   1
89   1
27   1
320   2
186   1
25   1
110   1
144   1
36   1
85   1
26   1
64   1
189   1
62   1
85   1
299   1
362   44
23   1
55   1
160   1
164   1
29   1
84   1
37   1
559   241
37   1
371   53
59   1
37   1
59   1
66   1
459   141
84   1
824   506
50   1
159   1
200   1
622   304
704   385
138   1
74   1
90   1
47   1
140   1
71   1
661   343
206   1
47   1
97   1
318   1
21   1
105   1
244   1
727   409
63   1
163   1
35   1
21   1
25   1
92   1
117   1
437   119
62   1
197   1
33   1
490   173
214   1
100   1
68   1
922   605
36   1
404   87
67   1
206   1
409   92
311   1
76   1
100   1
157   1
122   1
502   183
666   349
289   1
387   69
62   1
39   1
153   1
90   1
962   645
39   1
112   1
227   1
20   1
77   1
114   1
92   1
55   1
29   1
165   1
57   1
163   1
1078   761
208   1
35   1
22   1
104   1
29   1
28   1
410   93
362   45
26   1
37   1
357   40
87   1
20   1
47   1
33   1
129   1
112   1
392   75
300   1
74   1
137   1
259   1
683   366
211   1
152   1
140   1
31   1
69   1
102   1
437   120
22   1
104   1
111   1
36   1
179   1
37   1
541   224
78   1
271   1
269   1
72   1
34   1
97   1
30   1
67   1
262   1
163   1
43   1
225   1
688   371
462   145
202   1
357   40
64   1
157   1
31   1
128   1
76   1
65   1
176   1
371   54
158   1
86   1
328   11
27   1
115   1
35   1
260   1
102   1
145   1
692   374
205   1
215   1
70   1
157   1
174   1
21   1
47   1
1343   892
101   1
431   114
379   62
159   1
22   1
354   37
202   1
855   538
36   1
31   1
62   1
181   1
40   1
29   1
20   1
23   1
163   1
23   1
66   1
125   1
86   1
73   1
485   168
21   1
220   1
41   1
69   1
93   1
33   1
627   310
51   1
785   468
251   1
289   1
111   1
282   1
32   1
79   1
38   1
266   1
96   1
58   1
125   1
88   1
91   1
134   1
216   1
42   1
55   1
38   1
436   119
68   1
104   1
203   1
212   1
91   1
849   532
101   1
141   1
139   1
384   66
56   1
668   351
91   1
589   272
139   1
307   1
75   1
191   1
304   1
226   1
401   84
302   1
71   1
596   279
53   1
302   1
150   1
136   1
115   1
61   1
66   1
84   1
47   1
50   1
219   1
792   475
78   1
51   1
35   1
331   14
69   1
88   1
140   1
408   91
40   1
316   1
392   75
299   1
269   1
36   1
207   1
129   1
31   1
39   1
583   266
26   1
340   23
460   143
64   1
443   126
29   1
125   1
208   1
119   1
50   1
301   1
125   1
150   1
32   1
22   1
47   1
134   1
125   1
32   1
36   1
202   1
348   31
64   1
32   1
118   1
39   1
407   90
185   1
49   1
304   1
72   1
414   97
201   1
50   1
103   1
316   1
171   1
413   96
140   1
27   1
27   1
124   1
41   1
710   393
410   93
266   1
469   152
48   1
361   44
56   1
93   1
42   1
116   1
941   624
56   1
300   1
62   1
65   1
24   1
41   1
35   1
63   1
20   1
24   1
151   1
125   1
126   1
821   504
133   1
44   1
29   1
202   1
27   1
30   1
128   1
71   1
140   1
22   1
22   1
187   1
37   1
167   1
478   161
1158   841
47   1
67   1
105   1
114   1
67   1
36   1
120   1
318   1
53   1
47   1
118   1
45   1
729   412
184   1
633   316
1018   701
491   174
28   1
186   1
42   1
822   505
136   1
122   1
108   1
312   1
562   245
91   1
510   193
196   1
24   1
88   1
68   1
1216   892
668   351
66   1
134   1
74   1
70   1
429   112
78   1
67   1
384   67
86   1
57   1
314   1
82   1
101   1
47   1
54   1
162   1
309   1
170   1
41   1
33   1
25   1
202   1
57   1
85   1
42   1
275   1
50   1
26   1
114   1
48   1
77   1
115   1
39   1
44   1
22   1
484   167
46   1
57   1
81   1
203   1
20   1
651   334
590   273
91   1
319   2
151   1
133   1
71   1
100   1
477   160
50   1
159   1
71   1
148   1
21   1
101   1
52   1
409   92
75   1
165   1
168   1
103   1
81   1
64   1
52   1
160   1
78   1
261   1
25   1
101   1
167   1
113   1
23   1
530   213
98   1
26   1
69   1
60   1
72   1
178   1
103   1
77   1
108   1
65   1
156   1
28   1
612   295
194   1
233   1
32   1
24   1
703   386
168   1
34   1
73   1
94   1
24   1
492   175
50   1
606   289
65   1
50   1
531   213
264   1
102   1
102   1
74   1
70   1
196   1
57   1
234   1
43   1
152   1
33   1
351   34
164   1
25   1
28   1
230   1
70   1
457   140
64   1
290   1
53   1
446   129
85   1
20   1
253   1
368   51
25   1
91   1
123   1
92   1
299   1
30   1
132   1
97   1
40   1
217   1
82   1
130   1
65   1
330   13
50   1
46   1
204   1
226   1
85   1
47   1
449   132
351   34
187   1
163   1
112   1
315   1
324   7
742   425
65   1
434   117
59   1
42   1
128   1
240   1
210   1
544   227
24   1
309   1
24   1
51   1
47   1
224   1
225   1
104   1
678   361
39   1
145   1
25   1
84   1
765   448
416   99
87   1
252   1
28   1
300   1
51   1
537   220
77   1
124   1
51   1
153   1
662   345
108   1
57   1
126   1
53   1
23   1
53   1
186   1
844   527
446   129
133   1
62   1
44   1
37   1
45   1
729   412
375   58
168   1
100   1
34   1
500   183
616   299
407   90
22   1
38   1
503   186
45   1
256   1
38   1
322   5
59   1
1009   692
21   1
95   1
80   1
20   1
31   1
135   1
111   1
254   1
24   1
26   1
54   1
48   1
227   1
266   1
433   116
83   1
51   1
123   1
766   449
168   1
829   512
318   1
60   1
403   86
702   385
203   1
104   1
72   1
157   1
270   1
62   1
239   1
30   1
114   1
129   1
28   1
94   1
89   1
146   1
154   1
64   1
28   1
350   33
32   1
25   1
21   1
53   1
324   7
33   1
200   1
517   200
363   46
204   1
207   1
54   1
48   1
127   1
315   1
106   1
310   1
45   1
358   41
89   1
50   1
29   1
172   1
123   1
132   1
118   1
118   1
66   1
39   1
85   1
64   1
351   34
735   418
226   1
24   1
24   1
140   1
25   1
25   1
61   1
94   1
52   1
403   86
36   1
158   1
169   1
23   1
62   1
392   75
56   1
23   1
22   1
120   1
459   142
126   1
26   1
36   1
51   1
24   1
465   148
100   1
2308   889
83   1
147   1
70   1
56   1
40   1
92   1
22   1
152   1
20   1
161   1
82   1
129   1
46   1
366   49
26   1
52   1
640   323
67   1
44   1
33   1
99   1
26   1
20   1
261   1
174   1
101   1
29   1
23   1
50   1
47   1
49   1
24   1
23   1
145   1
240   1
46   1
47   1
247   1
48   1
23   1
131   1
24   1
155   1
395   78
39   1
289   1
27   1
385   68
101   1
111   1
248   1
89   1
122   1
163   1
337   20
129   1
37   1
1221   892
23   1
63   1
21   1
50   1
52   1
134   1
159   1
126   1
51   1
123   1
819   502
68   1
66   1
98   1
131   1
142   1
20   1
92   1
36   1
76   1
85   1
103   1
327   10
97   1
105   1
338   21
24   1
41   1
27   1
139   1
400   83
21   1
324   7
277   1
38   1
38   1
21   1
209   1
69   1
37   1
310   1
227   1
24   1
526   209
113   1
33   1
153   1
31   1
82   1
1743   891
36   1
490   173
88   1
204   1
29   1
61   1
156   1
516   199
200   2
293   1
27   1
154   1
57   1
211   1
96   1
42   1
157   1
40   1
62   1
47   1
285   1
100   1
40   1
41   1
246   1
374   57
25   1
686   369
91   1
34   1
104   1
132   1
297   1
94   1
883   566
96   1
33   1
155   1
39   1
51   1
480   163
51   1
81   1
57   1
395   78
137   1
33   1
24   1
127   1
162   1
303   1
172   1
41   1
36   1
20   1
170   1
157   1
484   167
122   1
259   1
32   1
66   1
25   1
33   1
229   1
215   1
1270   892
592   275
74   1
138   1
24   1
27   1
71   1
169   1
472   155
132   1
635   318
51   1
256   1
43   1
31   1
81   1
248   1
132   1
260   1
192   1
199   1
20   1
35   1
119   1
131   1
44   1
60   1
141   1
25   1
303   1
127   1
325   8
58   1
187   1
124   1
384   67
151   1
443   126
104   1
20   1
290   1
27   1
873   556
743   426
459   142
125   1
278   1
37   1
25   1
20   1
33   1
30   1
25   1
67   1
20   1
34   1
26   1
201   1
31   1
87   1
372   55
45   1
322   5
231   1
543   226
109   1
27   1
610   293
102   1
23   1
182   1
138   1
165   1
110   1
318   1
20   1
50   1
24   1
449   132
42   1
33   1
934   617
75   1
23   1
70   1
45   1
295   1
44   1
68   1
165   1
48   1
53   1
227   1
241   1
170   1
41   1
85   1
30   1
52   1
80   1
80   1
125   1
422   105
982   665
1014   697
194   1
81   1
277   1
195   1
55   1
160   1
50   1
163   1
212   1
411   94
187   1
145   1
156   1
34   1
20   1
21   1
86   1
122   1
180   1
85   1
33   1
305   1
173   1
493   176
423   106
36   1
45   1
203   1
146   1
446   129
59   1
467   150
62   1
782   465
188   1
272   1
143   1
50   4
60   1
346   29
424   107
382   65
185   1
23   1
50   1
74   1
36   1
186   1
500   183
154   1
98   1
28   1
72   1
324   7
38   1
25   1
279   1
536   219
232   1
1211   892
210   1
1240   892
147   1
159   1
35   1
147   1
22   1
55   1
413   96
84   1
42   1
285   1
229   1
189   1
394   77
289   1
20   1
170   1
20   1
62   1
47   1
56   1
243   1
129   1
57   1
77   1
368   51
34   1
25   1
40   1
119   1
69   1
148   1
28   1
1050   733
48   1
30   1
50   1
20   1
21   1
25   1
28   1
82   1
115   1
53   1
21   1
89   1
221   1
86   1
21   1
43   1
294   1
110   1
302   1
40   1
26   1
36   1
154   1
88   1
305   1
86   1
38   1
102   1
144   1
154   1
50   1
125   1
24   1
172   1
560   243
688   371
137   1
83   1
46   1
27   1
62   1
321   4
52   1
44   1
47   1
108   1
50   1
480   163
224   1
300   1
36   1
76   1
206   1
22   1
106   1
47   1
260   1
129   1
76   1
37   1
76   1
203   1
106   1
504   187
76   1
264   1
160   1
370   53
40   1
82   1
21   1
148   1
34   1
73   1
76   1
153   1
132   1
189   1
23   1
38   1
61   1
81   1
386   69
103   1
19   1
32   1
29   1
129   1
56   1
81   1
102   1
314   1
25   1
378   61
37   1
52   1
152   1
40   1
33   1
201   1
143   1
126   1
39   1
893   576
37   1
33   1
144   1
42   1
50   1
404   87
80   1
342   25
219   1
32   1
556   239
204   1
41   1
204   1
175   1
393   76
38   1
22   1
354   37
37   1
32   1
45   1
103   1
167   1
23   1
528   211
95   1
333   16
33   1
22   1
86   1
62   1
322   5
162   1
784   467
66   1
64   1
169   1
91   1
116   1
132   1
72   1
74   1
76   1
33   1
49   1
70   1
30   1
27   1
148   1
27   1
169   1
162   1
63   1
44   1
23   1
328   11
224   1
108   1
41   1
406   89
56   1
35   1
124   1
37   1
66   1
62   1
509   192
68   1
81   1
138   1
32   1
47   1
71   1
31   1
33   1
33   1
1006   689
283   1
55   1
698   381
235   1
27   1
55   1
685   368
104   1
171   1
106   1
318   1
109   1
195   1
107   1
51   1
22   1
249   1
30   1
66   1
103   1
96   1
240   1
363   46
20   1
254   1
29   1
24   1
63   1
248   1
25   1
27   1
97   1
25   1
49   1
57   1
39   1
73   1
57   1
40   1
267   1
42   1
47   1
72   1
65   1
33   1
513   196
100   1
103   1
194   1
20   1
25   1
37   1
36   1
213   1
110   1
43   1
117   1
55   1
409   92
271   1
390   73
30   1
303   1
270   1
378   60
250   1
25   1
173   1
102   1
116   1
341   24
57   1
119   1
58   1
253   1
196   1
639   322
37   1
47   1
35   1
159   1
92   1
939   622
178   1
197   1
42   1
126   1
104   1
165   1
222   1
372   55
92   1
50   1
546   229
36   1
234   1
28   1
470   153
227   1
49   1
163   1
72   1
100   1
323   6
114   1
237   1
131   1
81   1
280   1
83   1
65   1
328   11
39   1
23   1
72   1
92   1
69   2
116   1
29   1
153   1
30   1
72   1
54   1
157   1
37   1
24   1
243   1
38   1
164   1
219   1
79   1
61   1
113   1
43   1
48   1
197   1
94   1
31   1
33   1
246   1
75   1
622   305
179   1
285   1
116   1
21   1
41   1
28   1
30   1
100   1
36   1
95   1
43   1
467   150
21   1
22   1
203   1
50   1
388   71
30   1
102   1
420   103
299   2
262   1
171   1
28   1
120   1
90   1
41   1
68   1
41   1
400   83
239   1
245   1
23   1
191   1
135   1
55   1
404   87
100   1
241   1
184   1
114   1
138   1
50   1
81   1
22   1
45   1
52   1
107   1
170   1
238   1
301   1
37   1
50   1
207   1
191   1
32   1
41   1
42   1
23   1
126   1
329   12
42   1
96   1
80   1
332   15
302   1
179   1
22   1
40   1
214   1
37   1
174   1
284   1
34   1
276   1
21   1
22   1
144   1
257   1
100   1
507   190
38   1
474   157
312   1
100   1
217   1
122   1
28   1
253   1
744   427
451   134
188   1
75   1
177   1
217   1
114   1
403   86
144   1
48   1
104   1
28   1
29   1
29   1
28   1
329   12
149   1
28   1
175   1
58   1
183   1
72   1
882   565
213   1
307   1
37   1
143   1
205   1
152   1
27   1
52   1
26   1
77   1
61   1
20   1
21   1
47   1
135   1
356   39
28   1
56   1
79   1
68   1
401   84
225   1
265   1
33   1
41   1
429   112
45   1
23   1
209   1
63   1
52   1
559   242
20   1
70   1
144   1
644   327
96   1
39   1
247   1
177   1
109   1
185   1
35   1
120   1
77   1
125   1
874   557
20   1
23   1
160   1
28   1
61   1
103   1
48   1
141   1
249   1
48   1
105   1
210   1
360   43
111   1
114   1
368   51
25   1
137   1
34   1
868   551
319   2
89   1
192   1
85   1
30   1
21   1
231   1
715   398
42   1
194   1
74   1
47   1
136   1
81   1
211   1
24   1
113   1
99   1
265   1
33   1
35   1
55   1
25   1
488   171
81   1
59   1
25   1
761   444
58   1
109   1
424   106
60   1
63   1
69   1
101   1
232   1
285   1
266   1
221   1
161   1
296   1
31   1
33   1
420   103
304   1
71   1
49   1
59   1
43   1
268   1
133   1
197   1
203   1
853   536
49   1
144   1
305   1
54   1
98   1
74   1
606   289
371   54
131   1
25   1
800   483
317   1
546   229
149   1
40   1
21   1
21   1
120   1
24   1
193   1
162   1
23   1
102   1
268   1
34   1
142   1
51   1
95   1
110   1
28   1
394   77
58   1
65   1
95   1
77   1
214   1
116   1
162   1
126   1
373   56
43   1
327   10
119   1
32   1
20   1
30   1
37   2
103   1
30   1
36   1
159   1
27   1
460   143
33   1
26   1
320   3
90   1
204   1
20   1
29   1
315   1
36   1
501   184
75   1
99   1
116   1
150   1
20   1
119   1
74   1
28   1
456   139
138   1
21   1
33   1
46   1
100   1
272   1
39   1
117   1
52   1
304   1
101   1
301   1
281   3
73   1
118   1
89   1
42   1
43   1
36   1
22   1
204   1
69   1
67   1
80   1
124   1
283   1
35   1
62   1
109   1
32   1
36   1
47   1
356   39
29   1
22   1
120   1
134   1
65   1
103   1
40   1
35   1
31   1
20   1
20   1
132   1
44   1
124   1
720   402
30   1
307   1
204   1
33   1
212   1
83   1
157   1
24   1
69   1
130   1
28   1
131   1
112   1
212   1
35   1
128   1
55   1
22   1
285   1
35   1
94   1
113   1
26   1
35   1
30   1
130   1
31   1
101   1
338   21
289   1
168   1
65   1
148   1
81   1
149   1
825   508
97   1
20   1
34   1
209   1
103   1
64   1
126   1
159   1
283   1
29   1
95   1
484   167
324   7
102   1
427   110
106   1
304   1
25   1
95   1
77   1
308   1
181   1
51   1
26   1
260   1
300   1
291   1
73   1
45   1
182   1
212   1
43   1
470   153
37   1
66   1
31   1
75   1
156   1
22   1
70   1
30   1
59   1
56   1
282   1
139   1
238   1
45   1
35   1
270   1
630   313
57   1
40   1
20   1
97   1
46   1
720   403
87   1
20   1
35   1
39   1
543   226
99   1
388   71
23   1
288   1
102   1
246   1
173   1
48   1
128   1
163   1
52   1
544   227
62   1
80   1
73   1
839   522
52   1
158   1
47   1
177   1
104   1
108   1
214   1
126   1
112   1
36   1
197   1
333   16
54   1
263   1
50   1
241   1
219   1
26   1
206   1
118   1
46   1
181   1
41   1
48   1
25   1
510   193
38   1
187   1
92   1
61   1
354   37
300   1
125   1
1169   852
98   1
245   1
27   1
324   7
36   1
32   1
48   1
29   1
256   1
43   1
181   1
37   1
20   1
24   1
67   1
28   1
46   1
46   1
161   1
731   414
24   1
154   1
219   1
23   1
22   1
210   1
849   532
121   1
81   1
388   71
28   1
60   1
24   1
146   1
92   1
162   1
210   1
116   1
122   1
27   1
102   1
21   1
46   1
24   1
278   1
220   1
79   1
55   1
48   1
45   1
250   1
89   1
174   1
80   1
175   1
98   1
135   1
46   1
296   1
81   1
388   71
128   1
140   1
88   1
183   1
724   407
244   1
46   1
33   1
156   1
91   1
22   1
35   1
196   1
64   1
399   82
39   1
149   1
126   1
131   1
351   34
111   1
321   4
94   1
284   1
247   1
64   1
135   1
42   1
173   1
392   75
178   1
85   1
48   1
36   1
280   1
113   1
22   1
228   1
27   1
385   68
115   1
104   1
25   1
317   1
120   1
47   1
377   60
34   1
25   1
34   1
105   1
150   1
54   1
375   58
221   1
79   1
114   1
43   1
47   1
253   1
70   1
124   1
204   1
380   63
573   256
79   1
31   1
84   1
145   1
59   1
69   1
59   1
561   244
120   1
45   1
587   270
92   1
57   1
44   1
75   1
103   1
62   1
724   407
241   1
66   1
40   1
45   1
137   1
312   1
113   1
340   23
166   1
52   1
520   203
376   59
166   1
20   1
284   1
29   1
75   1
21   1
652   335
148   1
102   1
20   1
65   1
187   1
634   317
64   1
174   1
480   163
78   1
27   1
71   1
341   24
47   1
152   1
34   1
152   1
168   1
33   1
633   316
64   1
54   1
263   1
104   1
548   231
278   1
190   1
247   1
39   1
82   1
219   1
75   1
38   1
45   1
184   1
127   1
403   86
341   24
242   1
302   1
113   1
70   1
172   1
178   1
272   1
290   1
29   1
84   1
24   1
413   96
37   1
136   1
120   1
76   1
245   1
28   1
55   1
37   1
36   1
33   1
46   1
127   1
160   1
130   1
206   1
189   1
208   1
144   1
231   1
266   1
97   1
76   1
183   1
254   1
736   419
24   1
148   1
24   1
40   1
40   1
31   1
36   1
86   1
837   520
302   1
130   1
74   1
98   1
92   1
219   1
477   160
86   1
264   1
119   1
152   1
173   1
815   498
23   1
101   1
263   1
79   1
60   1
39   1
300   1
24   1
848   531
46   1
102   1
43   1
34   1
132   1
50   1
1047   730
73   1
270   1
104   1
152   1
117   1
200   1
314   1
39   1
106   1
228   1
298   1
117   1
28   1
198   1
125   1
209   1
34   1
125   1
73   1
268   1
287   1
46   1
32   1
328   11
89   1
48   1
72   1
109   1
28   1
68   1
41   1
585   268
146   1
246   1
138   1
182   1
159   1
33   1
608   291
122   1
489   172
40   1
530   213
85   1
100   1
488   171
24   1
130   1
61   1
46   1
25   1
31   1
24   1
26   1
315   1
299   1
38   1
119   1
117   1
74   1
93   1
173   1
165   1
100   1
100   1
124   1
77   1
60   1
83   1
31   1
99   1
84   1
212   1
384   67
193   1
26   1
354   37
48   1
367   50
202   1
97   1
20   1
148   1
51   1
323   6
62   1
91   1
60   1
42   1
200   1
208   1
23   1
105   1
85   1
526   209
51   1
76   1
47   1
47   1
30   1
440   123
72   1
82   1
564   247
54   1
407   90
119   1
90   1
155   1
83   1
353   36
515   198
38   1
116   1
147   1
576   259
32   1
223   1
288   1
677   360
55   1
229   1
94   1
349   32
74   1
154   1
139   1
266   1
22   1
30   1
55   1
195   1
183   1
125   1
66   1
394   77
258   1
27   1
114   1
39   1
27   1
130   1
331   14
442   125
825   508
46   1
93   1
101   1
269   1
30   1
294   1
1277   892
24   1
122   1
117   1
36   1
23   1
172   1
40   1
66   1
21   1
151   1
221   1
55   1
67   1
248   1
21   1
308   1
893   576
87   1
29   1
78   1
32   1
26   1
32   1
30   1
48   1
63   1
75   1
105   1
550   233
118   1
237   1
109   1
20   1
73   1
52   1
1220   892
78   1
88   1
30   1
31   1
50   1
534   217
223   1
31   1
235   1
334   17
52   1
221   1
86   1
225   1
62   1
356   39
409   92
45   1
58   1
161   1
332   15
153   1
410   93
51   1
64   1
200   1
200   1
35   1
79   1
187   1
200   1
21   1
39   1
103   1
32   1
32   1
67   1
76   1
39   1
100   1
263   1
33   1
299   1
138   1
23   1
22   1
601   284
55   1
748   431
280   1
40   1
26   1
78   1
121   1
491   174
82   1
617   300
130   1
329   12
78   1
114   1
148   1
115   1
58   1
208   1
53   1
29   1
21   1
125   1
30   1
87   1
77   1
20   1
152   1
124   1
48   1
206   1
29   1
130   1
171   1
125   1
77   1
35   1
286   1
704   387
230   1
23   1
32   1
143   1
46   1
231   1
35   1
154   1
197   1
63   1
216   1
48   1
108   1
94   1
77   1
24   1
41   1
30   1
36   1
36   1
102   1
189   1
111   1
46   1
32   1
174   1
65   1
30   1
34   1
93   1
142   1
398   81
181   1
435   118
53   1
129   1
91   1
1000   683
378   61
293   1
239   1
112   1
70   1
190   1
308   1
25   1
187   1
549   232
38   1
65   1
22   1
33   1
91   1
45   1
163   1
437   120
36   1
233   1
54   1
126   1
51   1
399   82
33   1
212   1
280   1
127   1
28   1
30   1
99   1
120   1
59   1
79   1
77   1
286   1
85   1
67   1
30   1
78   1
186   1
591   274
57   1
158   1
27   1
506   189
234   1
335   18
254   1
57   1
88   1
124   1
326   9
35   1
64   1
317   1
197   1
23   1
124   1
106   1
57   1
909   592
33   1
159   1
89   1
43   1
132   1
48   1
147   1
95   1
271   1
81   1
36   1
47   1
31   1
115   1
51   1
104   1
60   1
21   1
280   1
888   571
202   1
20   1
123   1
341   24
...................
1725   192
525   97
636   97
1315   156
1703   203
2318   259
704   127
1352   205
763   151
1718   241
1060   174
187   43
380   85
1473   249
882   166
1731   232
442   83
589   117
680   146
1491   253
1158   179
438   70
2583   281
2304   252
344   77
382   82
2269   264
1546   203
73   15
657   92
645   154
431   82
469   80
1351   191
490   81
390   95
135   40
577   130
2459   248
1251   175
2077   254
1330   201
652   149
1072   152
2991   277
1011   188
568   130
928   142
2653   267
338   53
1585   178
2513   280
855   185
548   110
379   75
350   69
441   119
1127   214
1527   225
1061   216
2250   237
402   98
1996   261
450   93
2883   289
448   101
337   102
1657   238
1924   216
786   124
215   35
357   66
686   154
495   112
869   186
945   180
421   78
559   105
1652   249
733   148
202   54
327   82
676   110
802   169
1785   265
1222   198
1255   206
671   123
676   80
1099   216
1052   168
626   139
2443   242
806   159
773   133
493   114
1451   215
2649   287
779   146
502   82
164   55
519   98
81   24
259   55
3428   270
1382   190
450   83
640   145
331   86
772   119
975   166
686   123
865   170
2672   276
71   17
564   104
2278   272
1135   217
391   98
1001   178
988   195
461   78
803   136
1451   218
2990   286
954   176
1110   194
2514   289
2578   280
703   109
638   139
565   176
2590   286
1110   191
2369   231
495   101
861   147
811   157
817   151
1129   206
452   105
927   165
405   100
634   119
540   129
1356   196
825   164
1143   199
1400   231
588   86
1059   184
1995   253
344   82
1156   151
143   41
1377   212
1417   242
461   108
350   81
521   89
1730   247
47   12
426   87
802   165
1424   235
160   35
983   178
2227   259
1539   222
90   26
718   108
2194   279
358   88
559   90
1261   189
1207   200
1199   202
1434   210
505   63
682   128
459   125
232   66
692   132
1326   227
2241   234
227   66
1628   245
612   105
809   148
2538   296
92   23
451   104
548   99
529   115
997   194
1340   222
562   143
369   92
967   169
1419   182
912   207
485   113
1007   178
1119   184
729   160
1127   195
1599   224
1035   179
522   106
2024   242
1666   246
1066   159
756   138
1697   224
1297   208
822   148
897   160
2098   243
1799   255
578   98
368   61
1362   202
700   166
126   28
103   22
219   43
719   139
10   2
218   43
572   124
58   12
935   150
160   35
51   16
94   26
114   31
938   149
1511   182
608   103
242   53
799   139
100   12
1137   203
1269   186
2171   260
141   28
2288   260
217   45
143   35
145   31
171   46
996   156
386   91
148   41
108   30
940   152
884   126
90   12
630   118
1783   254
431   104
209   65
105   23
1066   162
1650   252
317   88
394   47
420   59
513   97
316   66
62   9
138   36
908   154
2181   270
666   167
978   168
491   74
1715   232
447   105
264   54
1548   218
304   51
85   14
1473   233
507   116
194   53
85   18
853   139
613   102
95   16
1371   214
723   128
756   166
421   73
715   118
51   9
524   149
91   24
205   48
86   22
297   75
219   57
13   5
265   59
340   114
1331   157
381   79
199   39
466   93
189   36
61   18
622   104
623   123
186   57
151   32
1522   220
1136   182
1451   207
21   3
862   164
50   19
1315   185
1077   165
523   88
724   154
667   125
1021   166
564   103
682   145
76   23
213   65
996   166
755   137
85   22
320   60
1205   186
1259   204
480   99
1043   140
176   49
459   69
68   14
462   109
1097   170
82   20
330   69
201   35
154   36
483   110
791   102
1220   159
307   57
1434   197
295   67
430   85
450   96
298   99
608   108
383   85
624   126
161   38
455   96
35   8
680   135
403   72
478   100
571   117
31   11
259   45
667   119
30   10
907   177
850   119
198   38
884   183
734   152
1511   228
325   77
133   33
415   92
184   34
1751   243
1233   200
928   149
153   37
1345   245
1010   207
584   85
323   78
304   59
1121   187
269   56
982   174
222   51
365   83
108   38
1046   192
270   65
163   35
534   148
820   153
361   100
121   37
122   22
306   93
489   77
1240   152
210   62
162   38
545   113
34   11
560   87
501   98
232   72
761   146
429   73
705   114
835   120
481   118
687   158
1669   201
117   22
168   40
506   135
1163   227
626   106
817   189
100   33
1046   217
277   45
273   68
885   148
1421   220
972   166
1692   204
938   139
79   30
1353   194
1005   194
561   144
232   53
221   56
89   24
177   59
711   119
395   74
499   119
351   98
554   122
42   18
170   42
85   30
333   60
501   82
945   161
180   48
160   46
354   64
288   86
349   95
456   115
760   158
382   82
476   94
479   109
824   168
284   80
452   95
314   55
363   50
966   155
321   83
355   100
105   29
628   139
315   82
105   35
160   33
224   43
475   119
483   91
387   80
738   172
366   75
555   132
35   9
1240   183
403   86
492   108
774   161
153   51
693   144
104   27
410   73
55   26
658   137
179   47
327   56
263   57
1373   190
583   83
691   109
469   80
187   57
980   163
1152   132
640   128
353   96
559   102
1128   196
474   104
344   111
1367   212
215   75
1179   213
1412   183
590   89
862   110
344   91
821   129
705   159
909   156
602   101
687   145
1113   151
720   138
331   57
786   156
1310   200
1177   178
509   91
1329   154
405   78
1013   143
1086   196
882   118
144   39
1120   203
1382   206
473   70
189   31
1313   193
751   158
37   8
302   49
437   63
1001   135
1568   215
200   52
43   13
263   55
415   65
446   104
520   92
51   14
925   187
714   153
416   75
1045   197
1185   170
453   76
431   104
594   104
472   107
667   149
990   177
675   155
1124   218
534   129
251   56
203   42
360   89
170   39
701   162
123   37
777   182
458   112
541   151
238   66
222   60
497   113
427   114
305   70
392   82
672   165
672   115
1222   225
1431   246
498   127
72   15
669   137
710   121
303   92
593   138
567   146
154   45
664   137
930   148
107   40
456   79
1193   205
360   80
268   49
1233   208
298   97
1116   185
641   127
138   51
864   174
943   165
403   88
1367   181
594   117
285   83
861   169
565   123
219   53
658   119
451   99
990   170
343   78
211   57
699   147
591   112
249   69
839   168
186   45
295   69
276   56
1050   155
736   135
591   107
511   111
1099   184
171   60
936   178
291   80
198   53
410   112
673   141
236   70
792   149
1495   236
1448   207
927   168
365   73
1126   190
1031   211
425   93
189   41
301   88
750   107
275   56
234   52
156   54
575   121
722   172
766   160
80   31
186   67
170   43
1116   166
1716   225
504   111
1034   156
403   80
722   144
392   99
385   108
2223   257
221   44
293   83
224   64
554   130
257   48
673   170
1006   213
194   49
802   167
189   35
319   81
483   100
525   117
533   144
171   39
269   71
528   124
412   112
515   130
258   51
838   154
81   24
516   149
729   147
383   87
628   165
518   94
342   66
385   107
374   103
356   82
549   148
884   165
474   98
541   114
24   6
266   68
122   34
206   25
273   74
285   70
1627   265
54   20
1011   208
1820   239
776   204
616   120
716   156
831   115
1057   158
742   149
271   55
291   79
582   100
422   100
67   15
751   125
407   121
771   133
986   174
599   159
666   161
874   123
1728   200
418   126
413   110
271   59
1158   227
1148   205
380   95
945   155
1313   245
339   102
1800   220
206   78
682   166
433   124
176   61
1162   177
87   15
27   6
300   51
41   7
557   114
789   133
1341   242
926   153
127   32
1010   156
365   80
512   138
220   56
807   145
325   85
223   63
768   168
1334   159
970   171
200   39
825   164
1049   180
573   151
373   119
212   61
203   57
1163   177
651   156
312   102
128   41
145   37
206   37
158   37
55   16
536   107
22   7
37   6
198   51
355   86
1389   180
163   65
1237   168
264   71
1082   216
660   153
654   145
716   92
261   75
1118   184
744   155
802   164
533   86
90   20
74   25
518   104
60   19
119   34
288   65
213   41
948   165
33   9
420   87
216   66
308   57
49   15
948   190
643   126
54   11
40   14
131   32
277   62
124   29
194   38
192   58
232   50
294   79
616   146
200   58
185   50
679   148
765   142
47   22
994   132
304   67
69   12
310   68
286   75
624   161
613   95
50   14
696   112
846   188
174   57
542   111
888   166
263   79
320   64
94   26
611   137
379   96
563   116
382   99
269   77
357   65
535   71
142   51
87   19
626   142
572   141
477   107
73   17
793   104
700   125
700   100
187   26
899   179
789   132
791   104
100   19
506   123
557   86
410   76
682   157
463   69
634   100
302   76
252   44
640   92
476   83
565   130
417   115
650   84
624   110
220   46
281   64
353   73
630   91
114   36
564   151
298   86
266   49
664   127
1089   167
304   54
280   67
401   90
1076   189
1091   195
419   68
487   92
180   45
838   171
259   54
112   27
627   141
362   88
882   148
162   43
302   69
612   89
914   151
475   102
826   160
118   17
217   70
264   72
280   48
553   125
485   107
429   100
777   135
119   43
626   135
745   144
579   91
171   49
751   167
321   87
164   30
144   26
902   138
214   54
421   81
527   100
227   34
332   105
373   74
598   105
448   80
121   25
674   97
90   18
840   151
119   17
205   36
111   22
885   146
219   50
136   24
232   41
658   89
453   88
143   27
144   24
65   19
541   125
379   79
141   27
273   63
477   91
52   10
541   84
135   27
94   21
53   11
628   123
58   16
273   74
224   51
470   91
110   28
605   123
185   50
84   32
246   50
330   69
652   129
74   18
75   29
85   13
474   79
284   61
13   5
923   154
428   123
300   76
292   53
254   39
50   14
383   73
280   66
741   127
92   27
182   26
542   81
1229   187
110   21
178   48
183   53
388   73
478   75
618   125
744   134
131   33
636   111
480   82
1071   183
65   15
463   102
373   78
275   69
281   75
625   117
37   7
175   37
874   153
348   73
438   91
278   64
1229   224
425   109
215   54
183   59
404   97
562   140
329   65
259   58
182   49
369   90
188   43
300   73
383   83
48   10
86   20
346   50
404   101
201   49
362   104
355   97
693   161
361   74
135   24
741   136
811   184
54   11
288   62
262   61
565   116
239   66
91   21
450   117
358   86
341   85
87   17
358   74
364   66
135   36
142   37
203   54
895   167
285   57
172   37
914   168
258   73
499   113
507   102
100   33
440   102
380   106
353   92
487   115
636   112
461   97
401   108
301   90
109   40
1074   217
287   63
48   11
311   95
304   70
378   71
477   143
286   101
317   81
606   147
399   109
209   47
389   106
573   136
189   67
180   54
341   96
628   100
278   72
350   88
434   124
312   64
236   53
773   136
221   57
42   10
730   170
500   128
475   106
47   11
657   104
1229   206
298   65
193   44
1112   194
223   37
549   147
385   110
422   104
355   79
1087   204
162   37
36   14
886   195
338   77
798   129
238   60
39   14
52   13
199   43
230   64
406   96
65   15
216   61
42   10
409   92
712   128
149   48
613   138
151   35
765   151
163   33
352   109
264   78
295   73
135   34
317   100
237   81
107   29
165   52
862   139
128   40
61   25
60   11
795   161
872   148
309   91
144   41
372   103
646   125
455   128
325   97
560   92
1263   190
160   23
77   26
37   11
577   114
471   99
144   37
418   128
345   68
22   6
341   47
179   59
64   24
298   62
388   87
362   80
252   68
233   72
510   140
475   111
104   35
451   110
189   60
809   127
306   50
112   32
564   122
695   143
168   51
179   42
213   66
218   65
569   142
206   67
321   79
78   24
780   158
832   135
239   94
18   1
511   122
130   34
989   173
21   5
460   120
187   56
175   62
83   32
169   46
204   72
338   88
615   119
886   172
443   129
354   105
434   109
157   26
82   21
558   140
239   76
385   123
143   46
231   52
293   92
244   96
151   55
166   48
339   108
570   123
178   49
1254   208
279   56
569   160
514   81
733   108
199   54
355   93
269   50
389   93
551   82
25   5
213   62
765   134
913   136
511   134
301   81
388   61
166   54
103   41
188   44
386   89
130   28
375   98
765   146
105   21
905   133
369   63
16   4
1033   181
129   45
583   114
550   124
306   65
191   65
400   95
328   70
530   129
290   72
201   67
370   111
165   27
267   75
751   126
445   141
504   111
369   91
401   124
375   105
544   144
69   21
397   71
117   47
584   128
241   53
82   20
480   89
244   53
701   137
241   73
132   28
27   5
318   70
338   87
136   38
460   98
66   25
13   1
363   108
147   50
781   141
1095   193
297   62
418   112
719   161
220   68
371   90
514   138
135   38
237   61
105   23
852   164
428   119
838   145
274   61
350   70
740   165
232   55
187   59
364   86
213   55
199   37
210   58
74   25
239   74
215   56
129   17
235   61
64   18
381   87
268   73
416   104
88   31
167   49
590   138
264   67
478   103
296   88
233   58
475   121
147   59
326   84
257   67
352   115
563   115
153   45
140   31
803   162
367   96
542   132
387   92
839   118
121   61
141   38
315   90
457   105
140   34
164   51
365   90
26   6
245   77
89   30
387   81
228   57
40   14
6   4
303   92
266   69
615   129
250   46
247   69
515   122
75   30
118   45
397   123
133   39
139   45
161   51
28   9
326   86
34   7
121   37
195   54
217   63
420   110
392   116
345   90
268   72
274   76
240   55
447   85
110   38
129   35
152   44
149   57
100   36
493   146
354   79
140   36
367   77
85   25
228   74
160   49
211   56
285   75
62   17
294   92
79   27
548   128
362   90
291   66
226   60
67   16
47   19
231   77
84   27
54   14
120   24
202   62
266   73
346   110
358   89
413   117
79   22
169   65
141   53
599   138
44   14
247   62
289   75
68   20
122   44
178   50
35   20
667   149
62   25
475   132
182   59
194   65
162   43
138   46
212   73
438   121
193   68
49   23
219   61
133   51
50   7
151   35
106   23
268   57
374   74
470   80
482   89
445   82
188   33
453   63
413   76
68   26
628   95
299   58
183   51
433   95
174   47
187   47
274   54
114   26
38   5
386   64
1176   202
426   75
265   61
86   30
180   57
244   57
352   56
98   30
301   61
707   133
375   70
190   37
131   32
144   33
17   5
251   80
416   92
129   27
96   17
304   56
52   11
119   22
474   79
20   7
18   2
199   46
479   120
10   3
206   38
139   38
216   48
305   55
63   20
442   109
356   90
302   69
172   43
443   103
12   3
199   49
161   35
241   63
82   19
356   83
37   7
145   33
161   34
93   21
23   9
193   49
322   74
697   119
177   31
25   5
274   44
122   17
179   45
453   69
248   35
63   14
464   94
23   9
989   154
688   127
33   12
372   85
168   43
155   32
167   39
733   154
248   66
416   85
171   45
645   128
238   49
33   10
325   47
266   66
105   24
732   120
223   67
125   33
26   7
205   41
33   8
213   60
95   39
276   88
18   3
179   56
84   23
295   68
497   104
204   58
145   48
206   47
201   57
317   68
215   47
148   34
445   104
30   9
289   70
118   31
306   84
103   22
78   21
166   43
253   71
280   56
231   75
374   108
325   75
305   80
182   51
29   5
379   74
324   88
330   57
408   89
750   141
71   21
136   29
61   21
328   78
81   21
366   93
173   53
218   53
306   77
365   96
37   8
240   91
146   38
225   81
196   56
150   57
149   54
414   126
228   46
47   9
190   59
245   57
87   23
305   59
57   19
257   51
454   68
141   19
136   19
28   2
471   147
148   35
279   51
77   16
97   28
24   4
260   62
219   48
196   35
88   21
35   6
302   63
558   100
179   47
275   53
10   1
391   94
295   57
251   47
112   37
130   40
141   20
253   65
45   8
372   85
146   44
186   30
434   102
91   20
115   27
96   28
146   35
343   104
208   41
615   84
246   58
102   30
235   48
458   96
19   7
267   70
271   67
164   45
155   57
62   14
448   105
252   54
348   98
386   93
295   83
68   15
308   70
130   40
395   97
71   22
265   53
277   59
643   131
394   68
65   10
156   45
143   20
169   47
188   46
121   26
230   29
99   25
52   14
471   94
166   44
395   95
88   39
185   60
246   42
520   87
129   38
199   47
107   16
144   23
148   47
137   46
101   17
101   25
144   36
98   31
56   17
266   82
105   13
34   13
175   58
116   45
169   40
135   36
249   65
354   82
908   118
43   10
259   86
436   107
304   72
324   86
106   28
97   28
120   39
179   45
284   70
498   123
295   97
41   10
493   115
149   43
213   63
30   11
663   134
166   33
195   51
105   37
129   38
127   26
183   39
256   50
276   58
116   20
62   16
54   14
151   30
199   60
367   103
211   55
45   16
139   40
195   58
128   41
115   21
139   19
33   11
280   52
24   4
372   74
127   42
168   46
8   1
32   9
79   22
343   69
79   17
28   6
417   84
85   32
118   49
136   40
157   51
123   37
148   46
84   20
267   96
70   17
21   4
158   36
27   8
63   14
44   8
30   13
15   6
74   27
93   24
212   66
31   13
27   4
96   30
20   7
20   7
219   44
126   26
69   19
45   8
42   12
226   54
164   45
97   27
374   120
20   8
54   15
20   2
335   74
13   4
85   25
37   19
26   1
7   6
274   84
4   1
268   80
242   71
200   49
215   48
171   56
114   30
112   28
251   51
91   30
99   35
45   15
42   21
107   29
104   28
264   59
69   15
222   57
131   35
103   35
237   77
88   29
380   85
312   66
43   13
146   46
219   32
312   68
358   83
170   58
256   68
206   70
227   69
168   40
321   85
225   56
167   31
345   57
364   67
271   68
19   7
146   44
389   106
242   68
135   37
168   28
328   54
463   125
120   36
156   44
221   78
212   69
127   49
399   96
67   25
346   104
248   84
183   59
41   12
350   95
67   24
203   64
286   65
109   41
72   15
64   24
180   37
116   46
81   23
229   69
241   50
92   12
33   14
138   33
126   44
65   17
64   16
119   38
419   76
82   23
104   30
89   35
147   32
34   9
33   10
242   82
91   20
62   20
132   39
101   23
262   70
43   10
94   39
277   40
233   58
177   46
109   33
230   61
58   19
100   32
147   39
7   3
173   48
83   34
353   63
55   21
236   73
155   32
167   35
128   31
250   62
141   51
292   53
271   49
20   5
69   24
273   80
128   35
225   26
194   62
180   34
137   39
207   51
99   19
223   62
101   30
423   65
109   33
23   8
12   4
319   85
167   39
177   43
243   53
48   2
80   15
139   43
51   13
20   7
3   1
51   21
209   69
61   15
26   14
102   41
190   43
266   90
100   25
217   55
157   46
54   15
50   13
160   50
285   79
348   66
116   37
31   8
179   67
378   109
166   51
233   56
141   40
127   33
141   51
168   29
71   21
133   39
63   16
162   58
202   52
228   67
45   15
98   36
265   67
83   25
272   81
93   25
148   23
242   59
141   50
216   59
17   4
245   68
176   41
167   37
87   21
121   41
198   51
13   7
346   108
256   89
198   62
37   3
91   21
451   87
156   43
72   27
121   25
29   11
134   30
37   10
62   16
677   144
91   25
161   55
135   38
147   48
121   35
136   35
314   69
189   59
198   60
38   11
58   12
54   15
25   9
185   41
104   17
7   1
231   45
22   6
359   73
165   27
77   19
252   45
58   17
100   22
398   48
50   8
143   37
300   53
107   23
443   74
220   36
213   54
50   10
44   11
360   60
234   37
38   8
175   31
67   4
200   37
70   20
53   18
64   23
235   62
234   43
267   39
289   52
161   28
66   14
128   27
77   12
92   15
165   33
156   23
304   72
162   58
60   20
140   30
8   4
128   35
144   43
14   7
68   23
64   25
100   37
112   39
108   35
83   31
156   42
14   3
145   60
93   24
44   12
27   8
109   40
40   7
99   36
121   39
20   6
496   97
16   3
210   57
259   83
108   35
93   39
91   32
220   68
254   71
54   19
155   54
201   43
49   13
77   21
122   30
38   12
49   15
94   24
319   78
53   9
31   7
29   12
46   16
64   26
195   59
222   51
146   36
77   20
52   16
106   33
107   20
173   37
50   14
114   38
89   17
154   42
306   81
94   27
7   2
194   48
147   20
71   33
295   59
110   19
272   82
154   44
61   24
139   28
391   81
25   4
282   61
17   4
102   38
346   103
116   26
140   39
82   17
236   52
215   69
70   22
55   15
32   12
390   64
60   10
198   57
113   27
30   8
341   45
166   45
37   14
147   37
34   4
68   14
106   33
123   34
27   11
189   40
54   20
66   25
222   57
45   13
172   36
101   31
164   37
216   67
104   32
81   23
42   12
42   16
215   43
55   19
121   28
163   42
136   22
94   25
36   12
141   31
37   10
43   14
44   17
60   17
29   9
112   22
27   10
18   1
32   10
113   32
93   29
155   48
239   54
76   30
117   31
135   29
145   40
96   24
75   23
3   1
144   37
62   16
100   18
45   9
185   54
55   24
235   41
171   28
216   44
10   2
52   12
66   21
169   33
4   1
208   45
126   28
23   3
93   23
21   7
317   72
35   10
22   7
148   38
230   40
308   58
208   40
133   30
319   67
96   18
354   68
105   22
190   44
176   39
201   34
70   12
82   21
13   2
66   16
28   3
20   7
95   29
276   39
152   48
35   9
59   16
99   16
183   51
21   6
52   16
62   26
226   55
9   4
66   20
160   55
42   11
258   70
111   27
72   15
195   52
66   17
351   69
120   32
94   18
93   27
130   45
88   33
122   29
65   21
63   12
40   8
192   26
87   18
89   16
43   10
68   19
43   9
117   18
197   54
24   8
103   30
131   47
47   9
67   24
300   79
203   58
134   35
58   15
16   5
14   3
89   25
238   52
233   44
49   16
89   25
54   17
42   15
132   31
97   38
32   8
84   15
82   21
91   24
17   2
39   15
104   16
104   24
31   8
106   23
119   36
112   14
96   34
435   116
102   22
127   35
168   32
103   11
30   7
29   4
211   52
206   31
127   28
54   18
93   31
190   53
181   63
118   30
88   24
45   15
119   26
94   31
27   5
32   9
124   23
76   20
345   81
125   33
44   12
23   9
98   21
15   4
134   22
221   53
34   7
182   57
245   84
32   5
56   21
25   5
36   5
22   8
28   6
65   12
100   30
66   23
58   18
52   15
113   39
153   41
32   8
93   27
31   6
102   27
51   13
225   61
71   11
33   10
18   4
144   37
161   35
193   42
244   71
66   23
38   12
91   36
51   18
58   17
133   28
170   60
97   30
112   43
127   43
34   10
93   27
161   55
112   35
30   7
53   24
47   11
79   16
152   30
29   14
176   25
28   6
174   47
72   16
6   2
49   20
77   28
3   1
6   3
210   61
49   16
74   24
66   23
2   1
44   15
56   10
294   95
253   60
174   55
17   4
189   64
95   30
38   16
18   2
61   27
229   63
87   22
160   49
7   1
96   28
77   30
199   54
87   30
102   36
58   19
129   49
191   47
43   15
200   33
36   6
93   28
22   3
26   8
52   16
147   32
66   14
60   13
43   6
131   47
49   18
77   17
87   22
70   12
24   7
60   16
38   7
33   13
8   1
33   9
76   31
46   17
48   13
90   41
20   5
35   10
40   15
130   44
134   32
108   31
20   1
175   48
16   3
35   6
47   6
267   61
103   30
7   4
79   22
67   15
51   12
34   10
181   46
61   12
334   64
32   9
8   1
81   18
48   9
57   13
245   39
69   10
301   73
121   31
44   9
158   45
60   18
13   2
82   23
68   9
40   16
45   11
179   42
137   49
182   38
82   34
10   1
101   21
8   1
72   21
36   9
157   63
55   23
94   16
83   16
157   24
13   4
117   19
123   16
82   26
98   24
39   9
107   25
62   14
113   31
199   41
195   53
71   15
6   4
48   12
102   28
91   22
89   32
176   48
13   4
39   7
212   74
33   4
113   35
43   10
29   1
238   80
156   51
97   26
49   11
35   7
85   32
72   28
48   22
38   14
27   4
129   43
141   61
210   73
97   21
72   19
221   58
269   71
19   3
38   15
73   17
52   6
82   22
3   1
88   10
24   5
171   57
92   18
69   11
41   10
202   39
169   52
32   12
62   12
46   13
16   2
61   14
62   14
239   44
33   10
19   11
72   17
40   13
52   12
32   9
69   15
59   7
16   3
54   13
13   6
11   4
55   16
53   7
36   13
40   10
30   7
26   11
48   17
47   15
14   4
179   41
60   13
22   7
66   15
10   3
90   22
19   7
49   19
24   11
59   20
23   4
92   15
146   36
79   33
74   24
72   18
52   15
63   18
69   12
119   20
45   15
45   16
78   21
44   13
113   38
108   34
128   33
56   14
159   34
92   20
28   4
117   27
41   10
33   7
254   70
105   30
64   17
65   23
126   32
40   11
81   23
48   21
116   25
45   13
77   28
105   32
30   8
69   16
47   9
189   61
64   23
51   18
113   40
56   22
34   8
133   40
102   33
6   1
67   22
44   9
133   26
54   11
32   6
62   21
28   8
8   1
57   15
39   8
26   4
20   5
30   8
181   56
305   100
33   20
113   43
163   39
31   9
47   16
33   10
21   3
238   80
27   11
22   3
29   14
102   31
5   2
21   7
66   24
61   23
134   23
36   9
35   5
23   6
35   7
40   9
50   18
26   5
64   11
74   16
18   7
58   26
8   1
69   23
111   28
71   30
49   16
177   32
57   11
19   5
47   20
26   8
37   11
54   9
85   21
41   2
95   22
29   12
65   15
46   16
29   10
77   15
14   1
30   11
41   11
11   3
26   7
43   15
28   8
220   48
35   9
47   8
50   10
98   30
52   8
56   12
76   32
49   12
48   15
35   10
73   35
96   41
88   35
49   12
33   9
141   51
43   17
140   39
34   15
37   13
21   4
10   1
51   13
30   4
51   21
63   12
104   29
70   12
37   7
63   15
23   3
69   20
41   9
13   5
44   16
28   3
32   10
43   10
5   1
33   8
58   22
99   33
97   27
82   23
17   5
42   13
74   23
47   14
49   18
2   1
40   12
123   34
81   32
44   8
178   49
83   23
124   35
32   10
4   1
13   2
69   16
55   15
12   3
13   4
91   36
53   26
25   7
145   37
24   8
58   17
44   9
5   1
163   51
6   2
5   1
102   20
25   6
29   4
62   26
48   6
21   4
38   13
2   1
5   1
9   3
13   3
83   25
42   13
11   1
21   8
4   2
52   10
24   7
39   11
13   4
77   27
42   15
88   22
71   35
74   24
61   26
29   15
28   7
21   4
27   5
20   5
174   44
70   20
55   21
82   20
48   14
81   35
75   21
90   33
67   24
24   10
48   18
287   54
51   20
74   23
64   20
11   1
43   7
38   12
61   23
149   27
8   1
55   17
47   12
9   2
25   8
51   29
77   29
57   23
11   7
4   1
90   34
20   7
40   9
101   31
128   37
65   28
40   17
71   29
43   18
43   17
19   7
51   15
60   18
13   4
16   5
74   24
69   18
24   9
142   38
84   21
4   2
59   20
69   30
81   24
43   12
207   63
53   13
37   16
40   9
161   45
124   27
23   6
23   2
128   54
24   4
5   1
24   6
3   2
28   8
5   2
40   14
28   5
26   2
67   24
31   12
158   30
12   5
70   17
16   5
9   2
13   2
10   2
40   8
81   19
97   33
9   2
15   5
36   11
29   11
13   4
12   1
60   22
15   3
34   7
25   8
20   8
20   6
30   12
14   2
7   1
11   1
30   9
25   7
66   14
28   7
57   19
41   7
127   42
17   3
42   18
43   11
47   20
68   18
164   48
71   27
41   14
14   3
35   14
72   18
54   19
2   1
46   7
77   17
99   38
32   9
41   13
111   41
27   5
31   8
116   31
21   6
36   15
25   7
12   3
15   2
13   3
17   6
22   8
98   39
26   10
63   19
56   16
42   13
58   16
113   40
43   10
53   14
15   4
37   5
9   2
9   3
4   1
59   28
23   5
33   6
11   3
25   3
39   19
3   1
48   10
12   1
20   4
5   1
12   4
11   1
32   8
17   5
2   1
10   4
15   8
16   4
63   25
30   13
8   1
56   11
50   15
24   7
63   30
24   7
21   6
27   8
18   5
71   23
5   1
100   26
39   10
15   5
102   34
8   2
46   9
42   9
62   18
26   6
29   7
40   15
42   11
29   11
10   3
24   8
9   4
25   6
44   13
84   18
59   21
52   10
139   37
21   6
17   10
27   3
21   7
6   2
7   1
4   1
23   7
3   1
9   2
19   3
44   7
37   6
26   11
33   10
10   4
42   17
38   11
35   15
24   6
18   4
11   4
25   3
17   9
45   10
28   13
36   7
53   18
78   27
41   12
57   21
12   2
61   18
43   19
23   5
50   19
14   3
11   3
41   9
27   6
11   3
12   4
10   3
21   6
14   4
7   3
13   6
2   1
25   9
18   4
24   9
15   5
77   23
49   11
14   1
42   15
28   3
32   8
13   4
24   5
8   1
16   2
4   2
53   14
42   13
12   4
20   9
28   2
31   14
46   10
15   2
12   2
36   7
22   5
36   10
22   8
100   32
54   7
21   5
19   4
54   17
40   13
39   16
5   1
40   9
21   10
6   1
51   14
59   16
33   12
11   1
21   7
42   12
25   11
55   18
12   4
23   7
24   5
52   22
38   10
71   11
64   18
50   18
2   1
46   12
7   1
81   30
2   1
9   2
13   8
10   2
7   1
10   5
29   5
33   9
63   15
35   9
20   5
11   3
14   5
29   4
20   9
14   4
9   2
20   9
28   9
37   10
9   4
21   3
28   7
25   8
79   22
8   1
7   1
33   12
18   5
30   12
47   16
49   17
7   2
34   14
18   6
33   12
29   12
50   15
67   33
6   2
9   3
18   5
12   4
79   15
10   1
20   4
50   16
5   1
18   8
24   12
11   5
15   5
31   10
19   9
21   9
20   7
39   22
17   3
20   6
20   11
57   22
40   8
4   1
11   3
15   3
12   3
48   13
23   7
35   16
20   4
20   10
16   5
5   1
28   9
2   1
17   3
48   20
19   6
20   1
18   7
3   1
20   6
9   1
9   4
12   3
6   3
7   1
3   1
8   1
14   5
3   1
10   2
17   5
35   5
19   4
42   7
29   8
20   6
9   4
8   3
4   1
5   2
24   10
13   3
37   13
30   12
26   3
8   1
30   4
12   2
9   5
28   11
5   1
14   2
5   2
10   3
9   5
35   7
7   1
28   11
23   8
32   8
3   1
28   7
24   9
8   1
19   4
18   6
5   2
32   11
10   5
7   1
11   2
4   1
7   1
8   3
17   11
26   11
11   3
3   1
12   3
17   7
37   8
10   4
31   5
3   1
13   5
10   2
8   4
9   1
2   1
18   4
39   13
25   5
12   4
7   2
4   1
28   4
19   8
28   8
6   1
12   1
5   1
4   2
8   3
8   1
61   21
32   15
38   10
7   2
12   2
8   2
14   2
4   1
20   6
29   7
5   1
10   2
32   12
23   9
3   1
13   3
16   7
15   4
2   1
28   10
23   7
19   8
16   5
5   1
5   2
5   2
5   1
18   7
27   11
3   1
14   5
7   1
15   4
6   2
16   4
11   2
15   4
4   1
17   5
14   4
20   4
5   1
5   1
22   5
3   1
3   1
22   5
15   3
5   1
14   4
7   3
31   9
7   2
6   1
5   2
5   1
11   4
17   4
7   1
5   1
25   5
17   4
3   1
17   9
14   8
8   1
17   4
3   1
5   2
8   3
26   9
11   4
10   5
5   1
9   3
17   3
2   1
4   2
5   2
11   1
31   9
9   3
2   1
5   2
7   1
17   7
7   4
8   1
8   3
6   1
14   2
11   6
9   1
4   1
3   1
10   1
10   5
8   1
23   5
8   2
4   1
10   2
13   2
6   2
5   2
8   3
13   2
6   1
7   5
13   3
9   1
12   2
4   1
11   6
3   1
2   1
2   1
4   2
2   1
2   1
8   3
4   1
7   2
13   3
10   3
9   1
4   2
17   6
2   1
11   4
2   1
2   1
3   2
12   2
22   5
2   1
2   1
3   1
3   1
13   4
11   4
2   1
4   1
4   1
15   4
8   2
3   1
2   1
11   3
3   2
2   1
2   1
4   1
2   1
9   1
2   1
4   1
6   1
4   1
2   1
3   1
2   1
3   1
2   1
4   1
3   1
3   1
2   1
8   2
2   1
2   1
2   1
2   1
4   1
3   1
4   1
2   1
2   1
3   1
4   2
6   1
7   2
2   1
6   2
15   6
2   1
2   1
6   3
2   1
2   1
2   1
4   1
6   3
4   1
15   3
9   3
7   1
2   1
6   3
5   1
6   1
3   1
2   1
2   1
2   1
3   1
8   1
2   1
5   1
2   1
4   1
3   2
19   5
10   2
6   1
6   1
8   2
4   1
2   1
4   1
7   2
2   1
6   2
5   1
2   1
4   1
2   1
4   2
2   1
6   1
5   2
3   1
7   1
2   1
5   1
5   1
4   1
2   1
2   1
4   1
2   1
3   1
2   1
2   1
2   1
4   1
3   1
2   1
3   1
3   1
2   1
3   1
2   1
2   1
2   1
2   1
4   1
2   1
2   1
2   1
2   1
2   1
4   1
2   1
2   1
2   1
2   1
2   1
3   1
2   1
2   1
2   1
2   1
2   1
2   1
2   1
2   1
4   1
2   1
2   1
2   1
